sequence matrix
1.000	0.000	3.000	2.000	3.000	2.000	0.000	0.000	
1.000	0.000	2.000	1.000	0.000	2.000	2.000	2.000	
0.000	1.000	1.000	3.000	1.000	3.000	3.000	1.000	
1.000	0.000	2.000	0.000	1.000	0.000	3.000	2.000	
0.000	1.000	1.000	3.000	0.000	3.000	1.000	2.000	
2.000	1.000	2.000	2.000	1.000	0.000	2.000	3.000	
2.000	3.000	2.000	3.000	0.000	2.000	3.000	3.000	
1.000	1.000	0.000	2.000	2.000	0.000	0.000	2.000	
0.000	3.000	2.000	0.000	1.000	1.000	2.000	2.000	
2.000	2.000	0.000	3.000	0.000	2.000	3.000	0.000	

initialized prob matrix
0.250	0.250	0.250	0.250	0.250	
0.250	0.250	0.250	0.250	0.250	
0.250	0.250	0.250	0.250	0.250	
0.250	0.250	0.250	0.250	0.250	

N matrix
12.000	1.000	5.000	0.000	1.000	
5.000	5.000	1.000	1.000	3.000	
12.000	2.000	1.000	7.000	2.000	
7.000	1.000	2.000	1.000	3.000	

updated probability matrix
0.325	0.154	0.462	0.077	0.154	
0.150	0.462	0.154	0.154	0.308	
0.325	0.231	0.154	0.615	0.231	
0.200	0.154	0.231	0.154	0.308	

probability of choosing ai=2:
0.216

updated palidrome probability matrix
0.325	0.231	0.462	0.077	0.154	
0.150	0.346	0.154	0.154	0.269	
0.325	0.269	0.154	0.615	0.346	
0.200	0.154	0.231	0.154	0.231	

