prob_matrix
0.117	0.029	0.028	0.049	0.040	0.211	0.068	0.204	0.952	0.952	0.485	
0.432	0.010	0.033	0.845	0.406	0.010	0.010	0.010	0.010	0.010	0.039	
0.128	0.017	0.312	0.010	0.010	0.372	0.894	0.757	0.010	0.010	0.244	
0.304	0.925	0.607	0.077	0.524	0.388	0.010	0.010	0.010	0.010	0.213	

entropy_matrix
0.362	0.148	0.144	0.213	0.186	0.474	0.264	0.468	0.068	0.068	0.506	
0.523	0.066	0.162	0.205	0.528	0.066	0.066	0.066	0.066	0.066	0.183	
0.380	0.100	0.524	0.066	0.066	0.531	0.145	0.304	0.066	0.066	0.497	
0.522	0.104	0.437	0.285	0.489	0.530	0.066	0.066	0.066	0.066	0.475	

logo total height at each position
0.213	1.581	0.732	1.230	0.731	0.399	1.459	1.095	1.733	1.733	0.339	

individual character matrix
0.025	0.047	0.021	0.061	0.030	0.086	0.101	0.228	1.680	1.680	0.168	
0.094	0.016	0.025	1.060	0.303	0.004	0.015	0.011	0.018	0.018	0.013	
0.028	0.027	0.233	0.013	0.007	0.151	1.328	0.845	0.018	0.018	0.084	
0.066	1.491	0.453	0.097	0.391	0.158	0.015	0.011	0.018	0.018	0.074	

